2.972205 1.523622 0
-0.490481 -0.891155 0
2.679049 0.352181 0
1.495482 1.459899 1
0.453555 1.199515 1
1.327246 0.514299 1
-0.199385 2.264838 0
1.468792 1.743275 1
2.286960 2.927419 0
2.700049 2.128477 0
1.584978 0.252287 1
-0.126665 2.700843 0
1.769796 0.674617 1
2.831036 1.237838 0
-0.183330 -0.698989 0
0.141527 2.923031 0
0.248298 0.679464 1
0.512852 0.618712 1
0.856448 2.902937 0
1.823390 2.905339 0
2.690844 -0.624653 0
0.426935 -0.844478 0
-0.269602 2.721490 0
2.902636 1.776204 0
1.186035 0.062166 1
2.661389 0.069640 0
2.694320 0.612336 0
2.914318 2.164450 0
1.299350 0.559675 1
-0.611805 2.199910 0
-0.938771 -0.526752 0
0.464329 -0.824241 0
0.572875 1.364556 1
1.619205 0.772939 1
2.695230 -0.992898 0
-0.609812 -0.676789 0
1.063886 0.808457 1
-0.992263 0.259583 0
1.524994 -0.770272 0
2.607661 -0.884317 0
0.451981 0.625031 1
2.918410 2.709279 0
0.369128 0.614402 1
1.141997 0.076687 1
-0.305256 2.558166 0
0.461754 1.508211 1
1.969933 0.848656 1
-0.829913 2.521309 0
0.242068 0.422340 1
0.580055 1.906789 1
