2.826927 1.036776 1
3.202670 1.225706 1
-2.820498 2.853838 0
1.255996 4.625151 0
-3.229459 4.035992 0
-1.396186 3.725525 0
3.893664 0.052181 1
3.047936 1.442882 1
-4.080701 0.855504 0
-3.377591 4.697696 0
-3.457154 0.946380 0
4.321165 3.528388 1
-3.229009 1.440483 0
3.278926 2.010774 1
-1.232140 4.191569 0
0.458188 3.588679 0
1.406283 0.351260 1
2.689115 1.427262 1
-0.316111 1.453458 0
-4.756008 3.303026 0
2.035131 1.516158 1
1.804657 2.339268 0
-2.152559 0.515998 0
-1.620989 1.901822 0
3.702049 1.508961 1
0.771170 0.224909 1
0.191558 4.996281 0
2.751289 2.398474 1
0.269562 2.618792 0
0.205463 4.002765 0
4.421938 1.460334 1
-4.274448 3.954022 0
-1.407352 0.658938 0
4.980869 4.793821 1
-2.728809 2.946051 0
4.267452 2.934435 1
3.816468 1.728516 1
-2.228350 0.028215 0
-2.333920 3.120312 0
1.778065 4.647707 0
-0.731481 0.552676 0
4.158768 1.811584 1
3.318480 4.303926 0
1.387613 2.430761 0
-0.018632 4.345644 0
2.469795 1.340115 1
-2.019336 2.365460 0
2.058253 4.419134 0
-4.120113 3.162812 0
3.179481 1.848362 1
3.059439 4.377432 0
0.805538 0.726437 1
4.076574 1.470863 1
1.647276 3.127481 0
1.881589 0.937844 1
-3.162762 2.198723 0
-4.298946 1.674393 0
2.795810 1.247025 1
3.554762 1.091312 1
4.599022 3.949935 1
-2.535363 0.788894 0
-4.505420 2.747672 0
-1.094790 2.073760 0
4.005232 0.575595 1
3.690359 3.535846 1
3.054913 2.740989 1
-0.876636 3.054004 0
4.768042 4.004654 1
1.824746 0.067583 1
4.879119 0.478301 1
-2.101624 4.382788 0
2.539196 0.461600 1
3.977393 4.634900 0
4.978893 3.136714 1
1.560310 0.540252 1
4.281944 0.913314 1
-1.796739 2.842022 0
3.571099 3.895523 0
3.463096 3.818541 0
2.637352 0.977686 1
3.232101 1.385084 1
4.719787 1.208364 1
-3.135621 4.459496 0
2.083499 1.648978 1
2.225620 1.416598 1
-1.799154 2.787298 0
0.606440 0.372180 1
2.184664 1.270648 1
1.835589 2.497013 0
3.207025 0.474420 1
0.918196 0.480162 1
3.778910 1.444243 1
-1.019280 4.928372 0
1.935325 0.187239 1
2.868061 2.700709 1
2.131673 3.677407 0
-3.942907 2.029508 0
4.133011 2.803866 1
3.773016 2.629276 1
1.620575 1.535466 1
