1.680751 1.460597 1
4.927003 1.164168 1
3.904197 2.027862 1
3.549099 4.082744 -1
1.528963 3.506314 -1
2.037425 2.861560 -1
-4.934335 3.421618 -1
-3.186352 0.344247 -1
-1.930386 4.782963 -1
1.285802 1.178058 1
-1.461021 3.549984 -1
4.684067 3.010785 1
-3.933244 1.037922 -1
0.160738 2.226793 -1
0.165556 4.263689 -1
-3.440348 1.782677 -1
4.954483 1.686285 1
-2.465796 1.501379 -1
1.392998 3.618850 -1
2.364663 4.701545 -1
-4.758948 4.531584 -1
-0.098494 1.856577 -1
-0.281652 0.517862 -1
-4.771428 3.142326 -1
-1.561123 3.766221 -1
2.033826 1.464859 1
-0.912315 0.413498 -1
2.842451 1.343598 1
-2.704723 4.597344 -1
-2.050687 0.142709 -1
-3.971388 3.491654 -1
3.187219 0.309776 1
2.936021 1.796881 1
-1.531854 0.524612 -1
2.413622 4.965596 -1
0.979875 0.644684 1
-0.277566 3.507508 -1
3.772659 1.780456 1
-3.977179 2.727795 -1
2.315063 2.639818 -1
1.494557 2.641445 -1
-4.663491 1.031309 -1
2.894014 4.030014 -1
1.572137 1.157238 1
4.875069 0.598890 1
-4.832961 2.303657 -1
1.099155 3.731579 -1
3.826880 0.906129 1
2.755581 0.843369 1
2.480116 3.167166 -1
-4.661095 2.355940 -1
-2.226680 4.993913 -1
-0.046805 0.219382 -1
-0.750133 1.442636 -1
-0.385105 4.815382 -1
0.050831 2.624311 -1
0.995788 3.774543 -1
-1.167647 4.551722 -1
-2.090919 3.128795 -1
-3.296763 0.826491 -1
1.293278 4.816931 -1
-4.601690 4.217596 -1
4.051896 0.879789 1
-0.938803 1.183028 -1
3.628790 1.368452 1
-1.385650 1.498152 -1
0.279889 4.974368 -1
-2.591150 1.206455 -1
3.556579 2.689736 1
3.172000 2.513198 1
3.106325 0.857792 1
3.621569 0.921434 1
2.218129 1.039758 1
3.956949 1.647698 1
3.752920 1.295414 1
2.642175 2.281569 1
3.919878 0.240530 1
2.788148 0.347098 1
2.154861 0.176074 1
4.408783 1.748482 1
2.447261 1.014981 1
4.881710 2.914473 1
3.832623 0.878398 1
4.890969 3.731024 1
4.240802 1.266930 1
3.222473 2.150536 1
4.819359 0.960319 1
3.774832 0.031239 1
4.931040 3.432883 1
4.893888 2.928216 1
0.817019 0.031854 1
3.334027 0.164418 1
4.933173 1.024765 1
3.800315 1.867002 1
4.139920 0.595320 1
4.858307 1.490432 1
2.317924 0.995378 1
2.486824 1.945479 1
4.644402 1.562850 1
4.780541 3.293601 1
